binance 1612550555234 37692.59 0.010588 0
binance_futures 1612550555354 37748.19 0.112 0
binance_futures 1612550555354 37748.19 0.011 0
binance_futures 1612550555354 37748.19 0.005 0
binance_futures 1612550555354 37748.19 0.008 0
binance_futures 1612550555354 37748.19 0.006 0
binance_futures 1612550555354 37748.19 0.164 0
huobi 1612550555393 37699.4 0.003043 0
binance 1612550555431 37692.6 0.013393 1
binance 1612550555470 37692.6 0.006402 1
binance_futures 1612550555478 37748.2 0.001 1
binance_futures 1612550555478 37748.2 0.03 1
binance_futures 1612550555478 37748.2 0.015 1
binance_futures 1612550555478 37748.2 0.006 1
binance_futures 1612550555478 37748.2 0.006 1
binance_futures 1612550555478 37748.2 0.012 1
binance_futures 1612550555510 37750 0.009 0
binance 1612550555530 37692.6 0.036822 1
binance 1612550555535 37692.59 0.000531 0
binance_futures 1612550555527 37749.62 0.743 0
binance_futures 1612550555549 37750 0.162 1
binance_futures 1612550555588 37750 0.029 1
binance 1612550555637 37692.6 0.007984 1
bybit 1612550555000 37736 0.029520881916472334 1
binance 1612550555706 37692.59 0.01 0
okex 1612550555244 37777 0.00903517 0
huobi 1612550555818 37699.41 0.000595 1
huobi 1612550555819 37699.41 0.012295 1
huobi 1612550555819 37699.41 0.014632 1
okex 1612550555797 37777 0.00631526 0
binance 1612550555832 37692.6 0.027512 1
ftx 1612550555827 37761 0.0042 1
huobi 1612550555928 37699.4 0.002207 0
okex 1612550555910 37777 0.00141076 0
huobi 1612550555947 37699.41 0.027517 1
bybit 1612550555000 37735.5 0.02697724953955824 0
binance 1612550556047 37692.6 0.002 1
huobi 1612550556073 37699.4 0.005923 0
huobi 1612550556073 37699.4 0.049446 0
binance 1612550556076 37692.59 0.004523 0
okex 1612550556079 37777 0.00529423 0
gdax 1612550555930 37694.16 0.012 1
binance_futures 1612550556217 37750 0.029 1
binance_futures 1612550556256 37749.99 0.007 0
huobi 1612550556295 37699.4 0.001321 0
binance_futures 1612550556348 37749.99 0.017 0
gdax 1612550556303 37694.16 0.00361493 1
okex 1612550556389 37777 0.00361493 0
gdax 1612550556433 37694.15 0.00727889 0
ftx 1612550556529 37761 0.1358 1
ftx 1612550556529 37761 0.16 1
ftx 1612550556529 37761 0.2342 1
binance 1612550556635 37692.59 0.002281 0
binance 1612550556671 37692.59 0.021548 0
binance 1612550556716 37692.59 0.019572 0
binance_futures 1612550556759 37749.99 0.028 0
binance_futures 1612550556836 37749.99 0.001 0
huobi 1612550556879 37699.41 0.017054 1
bybit 1612550556000 37735.5 0.00007950073538180228 0
binance_futures 1612550556990 37750 0.05 1
gdax 1612550556948 37694.16 0.01477392 1
gdax 1612550556948 37694.16 0.00522608 1
bybit 1612550556000 37736 0.00582997668009328 1
binance_futures 1612550557110 37750 0.013 1
gdax 1612550557061 37694.16 0.0091974 1
bybit 1612550557000 37736 0.013249947000211999 1
gdax 1612550557103 37694.16 0.02936561 1
bybit 1612550557000 37735.5 0.013250122563633714 0
bybit 1612550557000 37735.5 0.003842535543453777 0
binance 1612550557145 37692.6 0.000526 1
binance 1612550557154 37692.59 0.013221 0
binance 1612550557386 37692.59 0.184497 0
binance 1612550557386 37692.59 0.00214 0
binance 1612550557386 37692.59 0.004764 0
binance 1612550557386 37692.59 0.816754 0
binance 1612550557393 37692.59 0.037798 0
okex 1612550557381 37777 0.00909221 0
binance 1612550557435 37692.59 0.040191 0
binance 1612550557472 37692.59 0.03905 0
binance 1612550557485 37692.6 0.014921 1
okex 1612550557472 37777 0.00213521 0
gdax 1612550557423 37694.16 0.00909221 1
binance 1612550557513 37692.59 0.040192 0
bitfinex 1612550557422 37675 0.001 0
huobi 1612550557605 37699.4 0.001012 0
binance 1612550557629 37692.6 0.017682 1
binance 1612550557630 37692.6 0.002965 1
okex 1612550557678 37777 0.02122572 0
kraken 1612550557767.938 37697.4 0.001 1
binance 1612550557855 37692.6 0.001304 1
binance 1612550557875 37692.59 0.017944 0
binance_futures 1612550557896 37749.99 0.3 0
gdax 1612550557825 37694.15 0.00820079 0
binance 1612550557916 37692.59 0.017336 0
binance 1612550557916 37692.59 0.00628 0
binance 1612550557953 37692.59 0.021945 0
binance_futures 1612550557906 37750 0.597 1
binance 1612550557999 37692.59 0.050042 0
huobi 1612550558010 37699.41 0.096788 1
binance 1612550558034 37692.59 0.012082 0
binance 1612550558034 37692.59 0.007431 0
binance 1612550558034 37692.59 0.00154 0
binance 1612550558034 37692.59 0.024062 0
gdax 1612550557972 37694.16 0.011 1
gdax 1612550557983 37694.16 0.00529078 1
gdax 1612550557983 37694.16 0.00856555 1
gdax 1612550557983 37694.16 0.03514367 1
binance 1612550558076 37692.59 0.012323 0
binance 1612550558076 37692.59 0.005866 0
binance 1612550558076 37692.59 0.019442 0
binance 1612550558076 37692.59 0.01038 0
binance 1612550558120 37692.59 0.048675 0
okex 1612550558110 37777 0.00153655 0
okex 1612550558122 37777 0.00529423 0
bybit 1612550558000 37736 0.026499894000423997 1
bybit 1612550558000 37735.5 0.0015900147076360457 0
binance 1612550558159 37692.59 0.002873 0
binance 1612550558159 37692.59 0.032568 0
binance 1612550558159 37692.59 0.013675 0
binance 1612550558168 37692.6 0.005294 1
binance 1612550558197 37692.59 0.028584 0
binance 1612550558197 37692.59 0.016502 0
binance 1612550558233 37692.59 0.031386 0
binance 1612550558233 37692.59 0.01559 0
binance 1612550558279 37692.57 0.00241 0
bitfinex 1612550558130 37675 0.0125 0
okex 1612550558402 37777 0.09431451 0
okex 1612550558406 37777 0.00568549 0
bitmex 1612550558339 37740 0.013645998940116586 0
bitmex 1612550558339 37740 0.013672496025437202 0
gdax 1612550558430 37694.16 0.02643677 1
binance 1612550558733 37692.58 0.004085 1
bybit 1612550558000 37735.5 0.748949927786832 0
binance_futures 1612550558807 37750 0.091 1
binance 1612550558856 37692.57 0.000235 0
binance 1612550558856 37692.57 0.000498 0
binance_futures 1612550558893 37749.99 0.003 0
binance_futures 1612550558893 37749.99 0.005 0
binance_futures 1612550558893 37749.99 0.006 0
binance_futures 1612550558893 37749.99 0.001 0
binance_futures 1612550558893 37749.99 0.002 0
binance_futures 1612550558893 37749.99 0.082 0
binance_futures 1612550558893 37749.99 0.005 0
binance_futures 1612550558893 37749.99 0.007 0
binance_futures 1612550558893 37749.99 0.004 0
binance_futures 1612550558893 37749.99 0.003 0
binance_futures 1612550558893 37749.99 0.004 0
binance_futures 1612550558894 37749.99 0.001 0
binance_futures 1612550558894 37749.99 0.077 0
binance_futures 1612550558903 37749.99 0.1 0
okex 1612550558917 37777 0.04980499 0
kraken 1612550558854.8801 37697.3 0.4 0
kraken 1612550558860.038 37697.3 0.08 0
kraken 1612550558861.769 37697.3 0.001 0
kraken 1612550558863.799 37697.3 0.319 0
binance 1612550558977 37690.69 0.057672 1
binance_futures 1612550558984 37749.99 0.1 0
binance_futures 1612550558985 37749.99 0.058 0
binance_futures 1612550558985 37749.99 0.005 0
binance_futures 1612550558985 37749.99 0.001 0
binance_futures 1612550558985 37749.99 0.004 0
binance_futures 1612550558985 37749.99 0.005 0
binance_futures 1612550558985 37749.99 0.011 0
binance_futures 1612550558985 37749.99 0.005 0
binance_futures 1612550558985 37748.19 0.007 0
binance_futures 1612550558985 37748.19 0.004 0
binance 1612550559002 37690.68 0.000633 0
binance 1612550559010 37692.57 0.001227 1
gdax 1612550558967 37694.16 0.0447069 1
gdax 1612550559032 37694.16 0.02 1
gdax 1612550559055 37694.16 0.00903512 1
okex 1612550559130 37777 0.00903512 0
binance 1612550559178 37690.69 0.001245 1
binance_futures 1612550559192 37750 0.344 1
binance_futures 1612550559192 37750 0.002 1
binance_futures 1612550559192 37750 0.029 1
binance_futures 1612550559192 37750 0.066 1
binance_futures 1612550559192 37750 0.03 1
binance_futures 1612550559192 37750 0.025 1
binance_futures 1612550559192 37750 0.003 1
binance_futures 1612550559192 37750 0.001 1
binance_futures 1612550559209 37749.99 0.006 0
okex 1612550559229 37777 1.44283695 0
binance 1612550559280 37692.55 0.001925 0
binance 1612550559280 37687.38 0.004697 0
binance 1612550559280 37687.37 0.02237 0
binance 1612550559280 37686.99 0.05537 0
binance 1612550559309 37690.67 0.000546 1
okex 1612550559354 37777 0.00192069 0
gdax 1612550559308 37694.16 0.066 1
